looking for a stream with name PetalStream_eeg...
478624.97319015744 [-1000.0, -859.86328125, -500.48828125, 971.19140625, -875.9765625]
478624.98431163584 [-978.02734375, -925.29296875, -472.65625, 970.703125, -418.45703125]
478624.99543311424 [-1000.0, -1000.0, -472.16796875, 970.703125, -264.16015625]
478625.00655459263 [-1000.0, -928.7109375, -497.0703125, 970.703125, -820.80078125]
478625.17881806847 [-341.796875, -763.671875, -485.3515625, 973.6328125, -940.91796875]
478625.19756009313 [-519.04296875, -752.9296875, -474.12109375, 968.26171875, -519.04296875]
478625.2163021178 [-1000.0, -911.1328125, -410.64453125, 941.89453125, 108.88671875]
478625.23504414246 [-993.65234375, -950.1953125, -461.42578125, -992.67578125, -282.71484375]
478625.25378616713 [449.21875, -711.9140625, -476.07421875, 608.3984375, -666.9921875]
478625.2725281918 [945.80078125, -612.79296875, -464.84375, -350.09765625, -838.8671875]
478625.29127021646 [-745.1171875, -780.2734375, -477.5390625, 115.72265625, -587.890625]
478625.3100122411 [-1000.0, -824.70703125, -458.0078125, 646.97265625, -184.08203125]
478625.3287542658 [-373.046875, -760.7421875, -473.6328125, -1000.0, -980.95703125]
478625.34749629046 [105.95703125, -740.234375, -444.3359375, -1000.0, -592.28515625]
478625.3662383151 [-826.171875, -570.3125, -460.44921875, -1000.0, -654.78515625]
478625.3849803398 [750.0, -618.1640625, -488.76953125, -1000.0, -1000.0]
478625.40372236446 [78.125, -743.65234375, -494.62890625, -1000.0, -982.91015625]
478625.4224643891 [712.890625, -658.203125, -503.41796875, -1000.0, -966.30859375]
478625.4412064138 [-926.7578125, -479.00390625, -434.5703125, -1000.0, -530.2734375]
478625.45994843845 [915.52734375, -479.4921875, -467.28515625, -1000.0, -694.82421875]
478625.4786904631 [928.7109375, -630.37109375, -465.8203125, -1000.0, -704.58984375]
478625.4974324878 [907.71484375, -645.99609375, -479.4921875, -1000.0, -836.42578125]
478625.51617451245 [969.23828125, -533.203125, -487.79296875, -1000.0, -958.49609375]
478625.5349165371 [-982.421875, -533.203125, -428.7109375, -1000.0, -370.1171875]
478625.62193547894 [-245.60546875, -707.51953125, -471.6796875, -1000.0, -742.67578125]
478625.64691382763 [-1000.0, -871.09375, -490.72265625, -1000.0, -1000.0]
478625.6718921763 [315.4296875, -752.44140625, -481.93359375, -1000.0, -985.83984375]
478625.696870525 [-825.1953125, -564.94140625, -460.44921875, -1000.0, -894.04296875]
478625.7218488737 [574.70703125, -643.06640625, -452.63671875, -1000.0, -400.390625]
478625.7468272224 [-110.3515625, -737.3046875, -462.40234375, -1000.0, -414.55078125]
478625.7718055711 [600.5859375, -655.76171875, -477.05078125, -1000.0, -580.56640625]
478625.7967839198 [-847.16796875, -536.62109375, -476.07421875, -1000.0, -787.109375]
478625.8217622685 [609.86328125, -627.9296875, -473.6328125, -998.53515625, -674.31640625]
478625.8467406172 [-793.45703125, -814.94140625, -485.83984375, -1000.0, -520.99609375]
478625.8717189659 [-1000.0, -824.70703125, -504.8828125, -967.28515625, -912.59765625]
478625.8966973146 [496.58203125, -717.7734375, -499.0234375, -998.046875, -1000.0]
478625.92167566327 [970.21484375, -250.0, -479.00390625, -1000.0, -1000.0]
478625.94665401196 [970.21484375, -363.28125, -469.7265625, -1000.0, -756.34765625]
478625.97163236066 [970.21484375, -558.10546875, -475.5859375, -1000.0, -699.70703125]
478625.99661070935 [978.515625, -486.328125, -480.95703125, -1000.0, -988.76953125]
478626.02158905804 [943.359375, -340.8203125, -502.9296875, -1000.0, -1000.0]
478626.04656740674 [-973.14453125, -422.8515625, -486.81640625, -1000.0, -987.79296875]
478626.07154575543 [842.28515625, -625.48828125, -394.53125, -1000.0, -449.70703125]
478626.0965241041 [619.140625, -668.9453125, -449.70703125, -1000.0, -639.16015625]
478625.8573075687 [937.01171875, -498.046875, -464.35546875, -1000.0, -931.640625]
478625.87526377593 [-949.70703125, -450.68359375, -448.73046875, -1000.0, -807.12890625]
478625.89321998315 [693.359375, -633.30078125, -467.7734375, -1000.0, -769.04296875]
478625.91117619036 [471.19140625, -713.8671875, -424.8046875, -1000.0, -303.22265625]
478625.9291323976 [883.7890625, -577.63671875, -471.6796875, -1000.0, -743.1640625]
478625.9470886048 [-918.9453125, -518.06640625, -503.90625, -996.09375, -1000.0]
478625.965044812 [358.3984375, -682.12890625, -500.9765625, -1000.0, -978.02734375]
478625.9830010192 [-1000.0, -842.28515625, -477.5390625, -977.05078125, -774.90234375]
478626.00095722644 [-329.1015625, -770.01953125, -464.84375, -922.8515625, -331.54296875]
478626.01891343365 [985.83984375, -645.5078125, -468.26171875, -1000.0, -503.41796875]
478626.03686964087 [-174.31640625, -729.4921875, -453.61328125, -707.03125, -395.01953125]
478626.0548258481 [-1000.0, -888.671875, -493.1640625, 110.3515625, -604.00390625]
478626.0727820553 [-936.5234375, -916.50390625, -480.46875, 400.87890625, -623.53515625]
478626.0907382625 [-223.14453125, -758.30078125, -471.19140625, 101.5625, -462.890625]
478626.10869446973 [-551.26953125, -770.01953125, -498.53515625, 437.01171875, -875.0]
478626.12665067695 [-1000.0, -960.44921875, -476.5625, 991.2109375, -767.578125]
478626.14460688416 [-1000.0, -1000.0, -482.91015625, 971.19140625, -164.0625]
478626.1625630914 [-1000.0, -1000.0, -500.48828125, 971.19140625, -444.3359375]
478626.1805192986 [-1000.0, -1000.0, -515.13671875, 971.19140625, -540.0390625]
478626.1984755058 [-1000.0, -1000.0, -472.16796875, 971.19140625, -386.71875]
478626.15556711797 [-1000.0, -1000.0, -468.26171875, 971.19140625, 242.1875]
478626.174801613 [-1000.0, -1000.0, -482.91015625, 971.19140625, 131.8359375]
478626.194036108 [-1000.0, -1000.0, -461.42578125, 971.19140625, 106.4453125]
478626.213270603 [-1000.0, -1000.0, -504.39453125, 971.19140625, -306.15234375]
478626.232505098 [-1000.0, -1000.0, -487.79296875, 971.19140625, -177.734375]
478626.251739593 [-1000.0, -1000.0, -476.07421875, 971.19140625, 239.74609375]
478626.270974088 [-1000.0, -1000.0, -524.90234375, 971.19140625, -248.53515625]
478626.290208583 [-1000.0, -1000.0, -514.16015625, 970.703125, -521.484375]
478626.309443078 [-1000.0, -1000.0, -510.7421875, 971.19140625, -517.08984375]
478626.328677573 [-1000.0, -1000.0, -481.4453125, 971.19140625, 77.63671875]
478626.347912068 [-1000.0, -1000.0, -488.76953125, 970.703125, 303.22265625]
478626.367146563 [-1000.0, -1000.0, -491.2109375, 970.703125, -251.46484375]
478626.386381058 [-1000.0, -1000.0, -479.4921875, 971.19140625, -368.1640625]
478626.405615553 [-1000.0, -1000.0, -477.05078125, 971.19140625, 157.71484375]
478626.42485004803 [-1000.0, -1000.0, -426.7578125, 970.703125, 762.6953125]
478626.44408454304 [-1000.0, -1000.0, -455.56640625, 970.703125, 461.42578125]
478626.46331903804 [-1000.0, -1000.0, -493.65234375, 971.19140625, 175.29296875]
478626.48255353305 [-1000.0, -1000.0, -520.01953125, 970.703125, 5.37109375]
478626.50178802805 [-1000.0, -1000.0, -518.5546875, 970.703125, -171.38671875]
478626.52102252305 [-1000.0, -1000.0, -447.75390625, 970.703125, 383.30078125]
478626.55167145026 [970.21484375, 966.796875, -424.31640625, -1000.0, -1000.0]
478626.56897529465 [970.21484375, 961.42578125, -403.3203125, -1000.0, -1000.0]
478626.58627913904 [970.21484375, 866.69921875, -437.98828125, -1000.0, -1000.0]
478626.6035829834 [970.703125, 659.1796875, -468.75, -1000.0, -1000.0]
478626.6208868278 [970.21484375, 570.3125, -459.9609375, -1000.0, -1000.0]
478626.6381906722 [970.21484375, 604.00390625, -432.12890625, -1000.0, -1000.0]
478626.6554945166 [970.703125, 501.953125, -387.20703125, -1000.0, -1000.0]
478626.672798361 [970.703125, 180.17578125, -445.80078125, -1000.0, -1000.0]
478626.6901022054 [970.703125, -158.203125, -474.609375, -1000.0, -985.3515625]
478626.70740604977 [970.21484375, -211.42578125, -493.1640625, -1000.0, -1000.0]
478626.72470989416 [970.703125, -195.80078125, -526.3671875, -1000.0, -965.33203125]
478626.74201373855 [970.703125, -514.6484375, -466.796875, -1000.0, -766.6015625]
478626.75931758294 [970.703125, -825.68359375, -479.98046875, -1000.0, -952.63671875]
478626.7766214273 [970.703125, -853.515625, -513.671875, -1000.0, -1000.0]
478626.7939252717 [970.21484375, -742.1875, -483.88671875, -1000.0, -988.28125]
478626.8112291161 [970.21484375, -748.046875, -493.65234375, -1000.0, -917.48046875]
478626.8285329605 [970.703125, -857.91015625, -516.11328125, -1000.0, -775.87890625]
478626.8458368049 [970.21484375, -786.1328125, -510.7421875, -1000.0, -967.7734375]
478626.8631406493 [970.21484375, -575.1953125, -504.8828125, -1000.0, -986.81640625]
478626.88044449367 [970.21484375, -484.86328125, -537.109375, -1000.0, -998.53515625]
478626.9261256602 [970.21484375, -641.11328125, -515.625, -1000.0, -947.75390625]
478626.93527430616 [970.21484375, -829.58984375, -501.953125, -1000.0, -898.92578125]
478626.94442295213 [970.703125, -719.7265625, -519.53125, -1000.0, -1000.0]
478626.9535715981 [970.703125, -584.9609375, -500.9765625, -1000.0, -996.09375]
478626.9627202441 [-1000.0, -895.01953125, -496.09375, -1000.0, -911.62109375]
478626.97186889005 [-1000.0, -986.328125, -478.515625, -980.95703125, -364.74609375]
478626.981017536 [-1000.0, -1000.0, -480.95703125, -980.46875, -210.9375]
478626.990166182 [-1000.0, -908.69140625, -497.0703125, -1000.0, -785.64453125]
478626.99931482796 [-1000.0, -840.33203125, -490.72265625, -999.51171875, -941.40625]
478627.00846347393 [-1000.0, -957.51953125, -491.2109375, -997.0703125, -825.1953125]
478627.0176121199 [-1000.0, -1000.0, -448.73046875, -995.1171875, -147.4609375]
478627.0267607659 [-1000.0, -931.640625, -471.6796875, -998.046875, -146.484375]
478627.03590941185 [-1000.0, -841.796875, -474.12109375, -991.69921875, -484.375]
478627.0450580578 [-967.28515625, -919.43359375, -488.28125, -1000.0, -699.70703125]
478627.0542067038 [-1000.0, -1000.0, -492.67578125, -986.81640625, -758.7890625]
478627.06335534976 [-997.0703125, -918.45703125, -432.12890625, -956.0546875, -140.13671875]
478627.07250399573 [-54.19921875, -748.53515625, -469.23828125, -994.140625, -654.78515625]
478627.0816526417 [-337.40234375, -758.7890625, -511.23046875, -1000.0, -1000.0]
478627.0908012877 [-1000.0, -915.52734375, -505.859375, -998.046875, -944.82421875]
478627.09994993365 [-1000.0, -953.61328125, -469.7265625, -986.81640625, -735.3515625]
478627.19823809434 [-134.27734375, -784.1796875, -458.0078125, -972.65625, -303.22265625]
478627.21176876436 [182.12890625, -725.09765625, -477.05078125, -996.09375, -481.4453125]
478627.2252994344 [-967.7734375, -859.375, -460.9375, -994.62890625, -371.58203125]
478627.2388301044 [-1000.0, -857.421875, -492.67578125, -993.1640625, -670.8984375]
478627.25236077444 [415.52734375, -702.1484375, -467.7734375, -997.0703125, -863.76953125]
478627.26589144446 [-853.515625, -615.72265625, -448.2421875, -993.65234375, -416.9921875]
478627.2794221145 [-52.734375, -706.54296875, -483.88671875, -994.140625, -736.81640625]
478627.2929527845 [-502.9296875, -756.8359375, -494.62890625, -994.62890625, -1000.0]
478627.30648345454 [-1000.0, -1000.0, -504.8828125, -972.16796875, -371.58203125]
478627.32001412456 [-1000.0, -1000.0, -482.91015625, -803.22265625, -92.28515625]
478627.3335447946 [-1000.0, -1000.0, -491.2109375, -729.00390625, 90.8203125]
478627.3470754646 [-1000.0, -1000.0, -501.953125, -864.74609375, -112.3046875]
478627.36060613464 [-1000.0, -1000.0, -501.953125, -877.9296875, -138.18359375]
478627.37413680466 [-1000.0, -1000.0, -508.7890625, -925.78125, -192.3828125]
478627.3876674747 [-1000.0, -1000.0, -469.7265625, -487.3046875, 343.75]
478627.4011981447 [-1000.0, -1000.0, -477.5390625, -417.96875, 402.83203125]
478627.41472881474 [-1000.0, -1000.0, -502.44140625, -583.984375, 165.52734375]
478627.42825948476 [-1000.0, -1000.0, -510.7421875, -683.10546875, 67.87109375]
478627.4417901548 [-1000.0, -1000.0, -501.953125, -740.72265625, 20.01953125]
478627.4553208248 [-1000.0, -1000.0, -445.80078125, -92.7734375, 650.87890625]
478627.4667471532 [-1000.0, -1000.0, -498.53515625, -198.2421875, 532.71484375]
478627.48079639615 [-1000.0, -1000.0, -533.203125, -467.28515625, 258.30078125]
478627.4948456391 [-1000.0, -1000.0, -515.13671875, -585.44921875, 171.38671875]
478627.50889488205 [-1000.0, -1000.0, -511.71875, -413.57421875, 297.36328125]
478627.522944125 [-1000.0, -1000.0, -499.0234375, 257.8125, 783.203125]
478627.53699336795 [-1000.0, -1000.0, -491.69921875, 267.578125, 927.734375]
478627.5510426109 [-1000.0, -1000.0, -490.72265625, 210.9375, 891.11328125]
478627.56509185384 [-1000.0, -1000.0, -503.90625, 52.734375, 796.38671875]
478627.5791410968 [-1000.0, -1000.0, -481.93359375, 117.1875, 802.734375]
478627.59319033974 [-1000.0, -1000.0, -501.953125, 413.57421875, 841.30859375]
478627.6072395827 [-1000.0, -1000.0, -541.015625, 14.6484375, 610.3515625]
478627.62128882564 [-1000.0, -1000.0, -533.69140625, -175.78125, 502.44140625]
478627.6353380686 [-1000.0, -1000.0, -531.73828125, -76.66015625, 618.1640625]
478627.64938731154 [-1000.0, -1000.0, -506.34765625, 333.984375, 910.15625]
478627.6634365545 [-1000.0, -1000.0, -514.16015625, 456.0546875, 879.8828125]
478627.67748579744 [-1000.0, -1000.0, -520.99609375, 41.50390625, 678.22265625]
478627.6915350404 [-1000.0, -1000.0, -501.46484375, 208.0078125, 869.62890625]
478627.70558428334 [-1000.0, -1000.0, -497.0703125, 667.48046875, 998.046875]
478627.7196335263 [-1000.0, -1000.0, -472.65625, 875.9765625, 957.51953125]
478627.73368276923 [-1000.0, -1000.0, -505.859375, 587.890625, 883.7890625]
478627.696174816 [-1000.0, -1000.0, -505.37109375, 538.57421875, 940.91796875]
478627.7085775619 [-1000.0, -1000.0, -533.203125, 496.58203125, 906.25]
478627.7209803078 [-1000.0, -1000.0, -546.38671875, 320.80078125, 845.21484375]
478627.7333830537 [-1000.0, -1000.0, -469.23828125, 669.43359375, 917.96875]
478627.7457857996 [970.21484375, -157.71484375, -466.796875, -1000.0, -841.30859375]
478627.7581885455 [970.21484375, -179.6875, -483.88671875, -1000.0, -1000.0]
478627.77059129137 [970.703125, -353.515625, -458.984375, -1000.0, -998.53515625]
478627.78299403726 [970.21484375, -374.0234375, -450.1953125, -1000.0, -907.71484375]
478627.79539678316 [970.21484375, -203.61328125, -447.75390625, -1000.0, -662.109375]
478627.80779952905 [970.703125, -165.52734375, -471.6796875, -1000.0, -946.77734375]
478627.82020227495 [970.21484375, -290.0390625, -464.84375, -1000.0, -1000.0]
478627.83260502084 [970.21484375, -291.9921875, -475.5859375, -1000.0, -1000.0]
478627.84500776674 [970.21484375, -156.73828125, -435.05859375, -1000.0, -907.71484375]
478627.85741051263 [970.21484375, -118.65234375, -437.98828125, -1000.0, -762.6953125]
478627.8698132585 [970.703125, -252.9296875, -496.09375, -1000.0, -978.515625]
478627.8822160044 [970.21484375, -324.21875, -497.0703125, -1000.0, -997.55859375]
478627.8946187503 [970.21484375, -222.65625, -479.4921875, -1000.0, -1000.0]
478627.9070214962 [970.703125, -146.484375, -452.1484375, -1000.0, -842.28515625]
478627.9194242421 [970.703125, -254.39453125, -470.21484375, -1000.0, -797.8515625]
478627.931826988 [970.703125, -441.40625, -500.48828125, -1000.0, -994.62890625]
478627.92708024895 [970.703125, -370.1171875, -480.95703125, -1000.0, -991.69921875]
478627.9416634764 [970.703125, -151.85546875, -438.4765625, -1000.0, -959.9609375]
478627.95624670386 [970.21484375, -177.734375, -419.43359375, -1000.0, -464.35546875]
478627.9708299313 [970.21484375, -308.10546875, -432.6171875, -1000.0, -429.6875]
478627.9854131588 [970.21484375, -259.765625, -462.40234375, -1000.0, -810.546875]
478627.99999638624 [970.21484375, -96.19140625, -481.4453125, -1000.0, -982.421875]
478628.0145796137 [970.21484375, -91.30859375, -469.7265625, -1000.0, -989.74609375]
478628.02916284115 [970.21484375, -263.18359375, -415.52734375, -1000.0, -405.2734375]
478628.0437460686 [970.21484375, -291.9921875, -459.47265625, -1000.0, -649.90234375]
478628.05832929607 [970.21484375, -140.625, -496.09375, -1000.0, -1000.0]
478628.0729125235 [970.703125, -44.43359375, -478.515625, -1000.0, -1000.0]
478628.087495751 [970.21484375, -191.40625, -483.88671875, -1000.0, -897.94921875]
478628.10207897844 [970.21484375, -398.92578125, -475.5859375, -1000.0, -536.62109375]
478628.1166622059 [970.703125, -242.67578125, -455.078125, -1000.0, -820.3125]
478628.13124543335 [970.21484375, -32.71484375, -447.75390625, -1000.0, -960.44921875]
478628.1458286608 [970.703125, -87.890625, -489.74609375, -1000.0, -997.0703125]
478628.16041188827 [970.703125, -197.75390625, -454.58984375, -1000.0, -922.8515625]
478628.1749951157 [970.21484375, -145.99609375, -455.078125, -1000.0, -820.80078125]
478628.1895783432 [970.21484375, 2.44140625, -492.1875, -1000.0, -997.0703125]
478628.20416157064 [970.703125, -18.06640625, -504.8828125, -1000.0, -992.1875]
478628.1947179631 [856.4453125, -629.39453125, -498.53515625, -1000.0, -958.984375]
478628.2056955897 [782.2265625, -736.328125, -471.19140625, -1000.0, -592.28515625]
478628.2166732163 [765.625, -719.23828125, -500.0, -952.1484375, -425.29296875]
478628.2276508429 [896.484375, -688.4765625, -488.76953125, -1000.0, -814.453125]
478628.2386284695 [-333.984375, -814.453125, -474.12109375, -617.67578125, -858.88671875]
478628.2496060961 [-1000.0, -987.3046875, -479.4921875, 715.33203125, -696.2890625]
478628.26058372273 [-937.01171875, -1000.0, -431.640625, -974.609375, -134.765625]
478628.27156134933 [-1000.0, -903.3203125, -451.66015625, 915.52734375, -180.17578125]
478628.28253897594 [-952.1484375, -874.51171875, -460.44921875, 951.171875, -342.28515625]
478628.29351660254 [-1000.0, -988.76953125, -477.05078125, 311.03515625, -526.85546875]
478628.30449422915 [-996.58203125, -967.28515625, -506.8359375, -610.3515625, -713.8671875]
478628.31547185575 [395.99609375, -741.69921875, -417.48046875, -976.5625, -221.6796875]
478628.32644948235 [-966.796875, -636.71875, -457.03125, -999.51171875, -651.85546875]
478628.33742710896 [-450.68359375, -775.87890625, -488.28125, -832.51953125, -910.64453125]
478628.34840473556 [-1000.0, -868.1640625, -481.4453125, 180.6640625, -818.84765625]
478628.35938236216 [-628.90625, -800.78125, -494.140625, 930.6640625, -717.7734375]
478628.37035998877 [-143.06640625, -750.0, -464.84375, 960.44921875, -182.12890625]
478628.38133761537 [-738.76953125, -878.41796875, -451.66015625, 956.54296875, -136.71875]
478628.392315242 [-1000.0, -984.86328125, -458.0078125, 966.796875, -125.0]
478628.4032928686 [-760.7421875, -866.69921875, -461.9140625, 969.23828125, -301.26953125]
478628.41332444793 [470.703125, -716.796875, -446.77734375, 811.5234375, -386.23046875]
478628.4242635714 [-299.31640625, -749.0234375, -473.6328125, 197.75390625, -401.3671875]
478628.43520269485 [-1000.0, -909.66796875, -498.046875, -309.08203125, -813.4765625]
478628.4461418183 [-784.66796875, -886.71875, -476.5625, -613.76953125, -945.3125]
478628.45708094176 [-693.84765625, -794.921875, -454.58984375, -1000.0, -567.87109375]
478628.4680200652 [768.5546875, -625.9765625, -508.30078125, -1000.0, -1000.0]
478628.4789591887 [-868.1640625, -507.8125, -497.55859375, -1000.0, -1000.0]
478628.48989831214 [718.75, -630.37109375, -472.16796875, -1000.0, -800.78125]
478628.5008374356 [-483.3984375, -826.66015625, -456.54296875, -1000.0, -202.63671875]
478628.51177655905 [411.62109375, -709.47265625, -479.4921875, -1000.0, -633.30078125]
478628.5227156825 [-801.7578125, -583.984375, -463.37890625, -1000.0, -766.6015625]
478628.533654806 [-44.921875, -736.81640625, -468.75, -1000.0, -885.25390625]
478628.54459392943 [-1000.0, -901.85546875, -443.84765625, -996.09375, -678.22265625]
478628.5555330529 [-676.26953125, -849.609375, -451.171875, -993.65234375, -344.7265625]
478628.56647217635 [790.52734375, -667.48046875, -477.5390625, -1000.0, -883.7890625]
478628.5774112998 [977.05078125, -644.53125, -499.0234375, -1000.0, -997.0703125]
478628.58835042326 [279.78515625, -729.98046875, -494.62890625, -1000.0, -994.140625]
478628.5992895467 [706.0546875, -687.5, -456.0546875, -1000.0, -672.8515625]
478628.6102286702 [-962.40234375, -526.85546875, -472.16796875, -1000.0, -399.90234375]
478628.62116779364 [986.81640625, -480.95703125, -509.765625, -1000.0, -925.78125]
478628.8301419055 [-117.1875, -708.0078125, -500.9765625, -1000.0, -985.3515625]
478628.8488851134 [-1000.0, -922.36328125, -457.03125, -1000.0, -580.56640625]
478628.8676283212 [124.51171875, -791.50390625, -420.41015625, -1000.0, -130.859375]
478628.8863715291 [-935.546875, -671.875, -450.68359375, -1000.0, -249.0234375]
478628.90511473693 [-407.2265625, -786.62109375, -467.28515625, -1000.0, -552.24609375]
478628.9238579448 [-968.26171875, -829.1015625, -479.98046875, -1000.0, -876.953125]
478628.94260115264 [650.390625, -657.2265625, -495.1171875, -1000.0, -978.515625]
478628.9613443605 [-919.43359375, -471.19140625, -427.734375, -1000.0, -500.48828125]
478628.98008756834 [-881.34765625, -573.73046875, -486.328125, -1000.0, -1000.0]
478628.9988307762 [819.82421875, -595.703125, -461.9140625, -1000.0, -723.6328125]
478629.01757398405 [-673.828125, -790.0390625, -464.35546875, -1000.0, -463.37890625]
478629.0363171919 [-1000.0, -832.51953125, -474.12109375, -1000.0, -791.9921875]
478629.05506039975 [464.35546875, -707.51953125, -494.62890625, -1000.0, -976.5625]
478629.0738036076 [-974.12109375, -653.80859375, -495.1171875, -1000.0, -971.6796875]
478629.09254681546 [-619.140625, -786.62109375, -438.96484375, -999.51171875, -406.25]
478629.1112900233 [-932.6171875, -820.80078125, -451.66015625, -999.51171875, -373.53515625]
478629.13003323117 [540.0390625, -669.921875, -453.125, -1000.0, -558.59375]
478629.148776439 [-829.58984375, -545.41015625, -462.40234375, -1000.0, -645.01953125]
478629.1675196469 [459.47265625, -634.765625, -488.76953125, -1000.0, -839.35546875]
478629.1862628547 [-841.30859375, -849.12109375, -403.3203125, -1000.0, -306.640625]
478629.23796118656 [-30.76171875, -783.69140625, -459.47265625, -1000.0, -645.5078125]
478629.26130729023 [-844.7265625, -590.8203125, -505.37109375, -1000.0, -1000.0]
478629.2846533939 [526.85546875, -667.48046875, -485.83984375, -1000.0, -992.67578125]
478629.30799949757 [-915.0390625, -844.23828125, -482.421875, -1000.0, -865.234375]
478629.33134560124 [-825.1953125, -830.56640625, -448.73046875, -1000.0, -316.89453125]
478629.3546917049 [759.27734375, -653.3203125, -447.265625, -1000.0, -512.20703125]
478629.3780378086 [983.3984375, -619.140625, -454.1015625, -1000.0, -557.12890625]
478629.40138391225 [-422.36328125, -736.81640625, -466.796875, -1000.0, -637.20703125]
478629.4247300159 [-457.03125, -749.0234375, -462.40234375, -1000.0, -782.2265625]
478629.4480761196 [825.68359375, -612.79296875, -461.9140625, -1000.0, -615.72265625]
478629.47142222326 [-880.859375, -524.4140625, -514.16015625, -1000.0, -962.890625]
478629.4947683269 [19.53125, -692.3828125, -500.9765625, -1000.0, -887.20703125]
478629.5181144306 [-1000.0, -895.01953125, -475.09765625, -1000.0, -871.58203125]
478629.54146053427 [-996.09375, -917.48046875, -456.54296875, -990.72265625, -534.1796875]
478629.56480663794 [-693.84765625, -797.36328125, -476.07421875, -962.890625, -454.58984375]
478629.5881527416 [-771.97265625, -784.1796875, -486.328125, -1000.0, -877.9296875]
478629.6114988453 [-1000.0, -941.40625, -478.02734375, -923.828125, -844.23828125]
478629.63484494895 [-1000.0, -1000.0, -483.88671875, -612.3046875, -690.91796875]
478629.6581910526 [-952.1484375, -898.92578125, -452.63671875, -847.65625, -347.65625]
478629.6815371563 [-799.8046875, -780.76171875, -467.28515625, -996.58203125, -446.77734375]
478629.48595536285 [-955.078125, -895.5078125, -481.4453125, -968.26171875, -611.328125]
478629.5012026218 [-1000.0, -983.3984375, -481.93359375, -999.0234375, -740.234375]
478629.5164498807 [-949.70703125, -872.0703125, -490.72265625, -978.515625, -850.5859375]
478629.53169713967 [-809.5703125, -783.69140625, -418.9453125, -760.7421875, -243.65234375]
478629.5469443986 [-958.0078125, -868.65234375, -461.9140625, -472.16796875, -480.46875]
478629.56219165755 [-1000.0, -1000.0, -499.51171875, 357.91015625, -768.06640625]
478629.5774389165 [-988.76953125, -971.6796875, -498.53515625, 864.74609375, -792.96875]
478629.5926861754 [-1000.0, -836.42578125, -487.79296875, 760.7421875, -698.2421875]
478629.60793343437 [-1000.0, -880.859375, -427.24609375, 927.734375, 139.6484375]
478629.6231806933 [-1000.0, -1000.0, -453.61328125, 990.72265625, 104.00390625]
478629.63842795225 [-1000.0, -1000.0, -489.2578125, 963.37890625, -116.69921875]
478629.6536752112 [-1000.0, -869.140625, -498.53515625, 953.125, -638.671875]
478629.6689224701 [-1000.0, -814.94140625, -482.91015625, 957.03125, -717.28515625]
478629.68416972907 [-998.53515625, -962.890625, -473.6328125, 974.609375, -187.5]
478629.699416988 [-1000.0, -1000.0, -509.765625, 969.7265625, -626.953125]
478629.71466424695 [-988.28125, -884.27734375, -505.859375, 971.19140625, -930.17578125]
478629.7299115059 [-706.0546875, -879.8828125, -461.42578125, -975.09765625, -548.33984375]
478629.7451587648 [794.43359375, -594.23828125, -496.58203125, -997.55859375, -1000.0]
478629.76040602376 [746.09375, -584.9609375, -486.81640625, -1000.0, -1000.0]
478629.7756532827 [-860.3515625, -756.34765625, -497.55859375, -966.30859375, -874.0234375]
478629.74847201764 [-299.31640625, -726.5625, -458.49609375, -878.90625, -368.1640625]
478629.76872341277 [-930.6640625, -532.2265625, -489.74609375, -980.95703125, -816.40625]
478629.7889748079 [733.88671875, -548.33984375, -510.7421875, -998.53515625, -1000.0]
478629.809226203 [-692.3828125, -806.640625, -488.76953125, -994.62890625, -988.76953125]
478629.82947759813 [-1000.0, -907.71484375, -480.46875, -962.890625, -782.71484375]
478629.84972899326 [-17.578125, -769.04296875, -483.88671875, -933.10546875, -470.703125]
478629.8699803884 [661.1328125, -673.33984375, -484.86328125, -989.2578125, -888.18359375]
478629.8902317835 [-745.1171875, -852.5390625, -466.30859375, -972.16796875, -711.42578125]
478629.9104831786 [-1000.0, -992.1875, -506.34765625, -981.4453125, -677.734375]
478629.93073457375 [129.8828125, -778.3203125, -490.234375, -970.21484375, -817.87109375]
478629.95098596887 [-899.4140625, -535.15625, -479.00390625, -968.26171875, -762.20703125]
478629.971237364 [186.03515625, -648.92578125, -503.41796875, -993.1640625, -981.93359375]
478629.9914887591 [-1000.0, -819.82421875, -499.0234375, -981.93359375, -953.125]
478630.01174015424 [-501.46484375, -766.11328125, -454.58984375, -987.3046875, -695.80078125]
478630.03199154936 [952.1484375, -606.4453125, -428.22265625, -937.98828125, -483.88671875]
478630.0522429445 [121.58203125, -681.640625, -465.8203125, -920.41015625, -578.125]
478630.0724943396 [-1000.0, -920.8984375, -457.03125, -932.12890625, -538.57421875]
478630.0927457347 [-1000.0, -937.5, -477.5390625, -976.5625, -815.91796875]
478630.11299712985 [357.421875, -731.4453125, -492.67578125, -994.140625, -1000.0]
478630.133248525 [426.7578125, -696.77734375, -425.29296875, -820.80078125, -536.62109375]
478630.1695679945 [-353.02734375, -711.9140625, -485.3515625, 970.703125, -477.05078125]
